1 0.15 0.2546875 0.21328125 0.09375
1 0.15 0.5875 0.21328125 0.1078125
1 0.15078125 0.41640625 0.215625 0.09765625
1 0.16015625 0.9046875 0.20234375 0.1015625
1 0.16171875 0.0890625 0.1953125 0.0953125
1 0.16171875 0.746875 0.18984375 0.0921875
1 0.78984375 0.09765625 0.28671875 0.11328125
1 0.79140625 0.4265625 0.284375 0.11796875
1 0.79296875 0.2578125 0.28671875 0.1140625
1 0.79296875 0.59453125 0.28671875 0.12109375
1 0.8015625 0.9171875 0.3046875 0.11796875
1 0.8078125 0.75703125 0.3078125 0.11953125